$ANSIBLE_VAULT;1.1;AES256
61346564643962363634333334623234373137333931386130613239353764623836633565633934
6562643761346163393334303530616162373831336635330a346336393636313539663336363637
63663137643833343635313165356663623131626534303965393534343338633761623133613335
6535613332626537610a666137613939366462333834643433396662623734646139636333366566
65313465333339643338303865373331326537663764306332333336326166613334393835646562
38316637656561613334613234623765623138353164346563343637373833393262396139663839
65313465356435326561303132363663336636653237326138396361663033623863373338616135
38663036316132353865616237373432393264383630313038396464376663363032653334623231
61363536383830643331623665623938376636626535303033653136353465323866663733656664
37353961323832303538623932393361333130326637313836353738633638353334313733623565
61373636626636643332623938616239356263326161353761623963623764393634316133653861
31643936613462623437663232393532323732613864313065616262333165303432373536623361
66353362643766633233633537336632386636376562636663336235313036613037376236386234
66326463326464633434626162346135613035343335363263383233346530313933653662393839
64613865363062343666393561313733356336313039646661326465613562343930356564663863
65636562363661333533303136383837346265383638643931333236366139336230656335363165
33323237393761393639653730313764383439623165336364623334383037323766613664666261
30663664353432303134613134663639373066303637643933346230633930313234633463363435
37323737313965386631613037376361396139373366316635346535653931356634663237373933
38353366646333323034356364373131313263663137376237636431383339623238323736646363
33353030346130393237333333663336613964636433643562373133623731653434396461616461
35353861333563623236623230613362633832313032363763376261663536353731633962626233
38646638366535386334333933653937386633313232643032326462613236653061303231346266
31373865373235626434636664346337373038343435633135653361653939366537653130626338
3439
